(580, 804)
(580, 804, 2)
(442, 648)
(442, 648, 3)
(926, 505)
(926, 505, 2)
(191, 681)
(191, 681, 3)
(494, 982)
(494, 982, 2)
(110, 124)
(110, 124, 3)
(594, 151)
(594, 151, 3)
(435, 817)
(435, 817, 3)
(387, 384)
(387, 384, 3)
(834, 606)
(834, 606, 3)
(300, 221)
(300, 221, 3)
(288, 49)
(288, 49, 3)
(36, 487)
(36, 487, 3)
(100, 520)
(100, 520, 3)
(670, 360)
(670, 360, 3)
(617, 136)
(617, 136, 3)
(101, 542)
(101, 542, 3)
(390, 904)
(390, 904, 3)
(327, 489)
(327, 489, 3)
(188, 208)
(188, 208, 3)
(470, 806)
(470, 806, 3)
(155, 704)
(155, 704, 2)
(980, 175)
(980, 175, 3)
(79, 520)
(79, 520, 3)
(412, 4)
(412, 4, 2)
(306, 297)
(306, 297, 2)
(928, 680)
(928, 680, 3)
(783, 152)
(783, 152, 3)
(490, 284)
(490, 284, 3)
(779, 533)
(779, 533, 3)
(154, 263)
(154, 263, 2)
(386, 145)
(386, 145, 3)
(806, 53)
(806, 53, 3)
(245, 155)
(245, 155, 3)
(518, 949)
(518, 949, 3)
(478, 903)
(478, 903, 3)
(133, 270)
(133, 270, 3)
(599, 148)
(599, 148, 2)
(785, 541)
(785, 541, 3)
(713, 510)
(713, 510, 3)
(471, 576)
(471, 576, 2)
(275, 515)
(275, 515, 3)
(178, 517)
(178, 517, 3)
(567, 496)
(567, 496, 3)
(103, 56)
(103, 56, 3)
(485, 131)
(485, 131, 3)
(20, 797)
(20, 797, 3)
(739, 460)
(739, 460, 3)
(593, 677)
(593, 677, 3)
(99, 864)
(99, 864, 2)
(778, 778)
(778, 161, 3)
(976, 152)
(976, 152, 3)
(315, 463)
(315, 463, 3)
(294, 168)
(294, 168, 3)
(330, 683)
(330, 683, 3)
(525, 106)
(525, 106, 3)
(753, 241)
(753, 241, 3)
(776, 546)
(776, 546, 3)
(253, 31)
(253, 31, 3)
(856, 858)
(856, 858, 3)
(645, 1)
(645, 1, 2)
(347, 757)
(347, 757, 3)
(24, 760)
(24, 760, 3)
(655, 346)
(655, 346, 3)
(975, 161)
(975, 161, 3)
(769, 174)
(769, 174, 3)
(198, 52)
(198, 52, 3)
(425, 394)
(425, 394, 2)
(468, 865)
(468, 865, 2)
(999, 377)
(999, 377, 3)
(153, 530)
(153, 530, 3)
(823, 515)
(823, 515, 3)
(630, 90)
(630, 90, 3)
(225, 273)
(225, 273, 2)
(568, 115)
(568, 115, 2)
(90, 932)
(90, 932, 2)
(296, 82)
(296, 82, 3)
(27, 68)
(27, 68, 2)
(889, 154)
(889, 154, 2)
(656, 510)
(656, 510, 2)
(229, 151)
(229, 151, 2)
(525, 801)
(525, 801, 3)
(364, 501)
(364, 501, 3)
(135, 520)
(135, 520, 3)
(686, 988)
(686, 988, 3)
(581, 504)
(581, 504, 3)
(420, 92)
(420, 92, 3)
(463, 736)
(463, 736, 2)
(149, 60)
(149, 60, 2)
(908, 812)
(908, 812, 3)
(436, 156)
(436, 156, 3)
(423, 334)
(423, 334, 3)
(935, 169)
(935, 169, 3)
(759, 147)
(759, 147, 3)
(287, 319)
(287, 319, 2)
(45, 721)
(45, 721, 3)
(582, 716)
(582, 716, 3)
(98, 408)
(98, 408, 3)
(375, 874)
(375, 874, 3)
(65, 608)
(65, 608, 2)
(571, 518)
(571, 518, 3)
(135, 718)
(135, 718, 3)
(362, 793)
(362, 793, 3)
(81, 363)
(81, 363, 2)
(383, 325)
(383, 325, 2)
(649, 102)
(649, 102, 3)
(746, 602)
(746, 602, 2)
(989, 104)
(989, 104, 3)
(130, 7)
(130, 7, 3)
(815, 975)
(815, 975, 3)
(827, 34)
(827, 34, 2)
(971, 637)
(971, 637, 3)
(128, 850)
(128, 850, 3)
(910, 853)
(910, 853, 2)
(664, 516)
(664, 516, 3)
(543, 584)
(543, 584, 3)
(888, 784)
(888, 784, 3)
(803, 444)
(803, 444, 3)
(724, 881)
(724, 881, 2)
(664, 519)
(664, 519, 3)
(485, 247)
(485, 247, 3)
(154, 625)
(154, 625, 3)
(93, 210)
(93, 210, 3)
(535, 709)
(535, 709, 3)
(600, 686)
(600, 686, 2)
(410, 468)
(410, 468, 3)
(82, 421)
(82, 421, 3)
(821, 133)
(821, 133, 3)
(500, 459)
(500, 459, 3)
(273, 404)
(273, 404, 3)
(529, 340)
(529, 340, 3)
(680, 455)
(680, 455, 3)
(436, 350)
(436, 350, 3)
(192, 717)
(192, 717, 3)
(888, 559)
(888, 559, 2)
(702, 963)
(702, 963, 3)
(620, 174)
(620, 174, 3)
(214, 707)
(214, 707, 2)
(14, 774)
(14, 774, 3)
(265, 783)
(265, 783, 3)
(658, 994)
(658, 994, 3)
(306, 706)
(306, 706, 2)
(910, 310)
(910, 310, 3)
(597, 653)
(597, 653, 3)
(541, 839)
(541, 839, 3)
(192, 598)
(192, 598, 3)
(412, 510)
(412, 510, 3)
(972, 6)
(972, 6, 3)
(796, 794)
(796, 794, 3)
(754, 391)
(754, 391, 3)
(202, 747)
(202, 747, 3)
(118, 971)
(118, 971, 2)
(520, 429)
(520, 429, 3)
(808, 487)
(808, 487, 3)
(260, 870)
(260, 870, 3)
(779, 888)
(779, 888, 3)
(750, 126)
(750, 126, 3)
(55, 356)
(55, 356, 3)
(601, 295)
(601, 295, 3)
(448, 86)
(448, 86, 2)
(902, 440)
(902, 440, 3)
(287, 249)
(287, 249, 3)
(241, 601)
(241, 601, 3)
(76, 940)
(76, 940, 2)
(966, 571)
(966, 571, 2)
(240, 792)
(240, 792, 3)
(628, 275)
(628, 275, 3)
(140, 389)
(140, 389, 3)
(1, 563)
(1, 563, 2)
(296, 174)
(296, 174, 2)
(865, 901)
(865, 901, 3)
(497, 103)
(497, 103, 3)
(622, 319)
(622, 319, 3)
(334, 39)
(334, 39, 3)
(168, 57)
(168, 57, 3)
(438, 498)
(438, 498, 3)
(408, 107)
(408, 107, 2)
(779, 960)
(779, 960, 3)
(110, 759)
(110, 759, 3)
(677, 980)
(677, 980, 3)
(598, 703)
(598, 703, 3)
(172, 835)
(172, 835, 3)
(595, 990)
(595, 990, 3)
(850, 450)
(850, 450, 3)
(398, 851)
(398, 851, 3)
(43, 301)
(43, 301, 3)
(873, 37)
(873, 37, 2)
(742, 467)
(742, 467, 3)
(574, 105)
(574, 105, 3)
(890, 152)
(890, 152, 2)
(149, 109)
(149, 109, 2)
(163, 141)
(163, 141, 3)
(540, 88)
(540, 88, 3)
(649, 95)
(649, 95, 2)
(336, 974)
(336, 974, 3)
(832, 731)
(832, 731, 2)
(43, 433)
(43, 433, 3)
(631, 295)
(631, 295, 3)
(279, 255)
(279, 255, 3)
(952, 886)
(952, 886, 3)
(996, 137)
(996, 137, 2)
(617, 654)
(617, 654, 3)
(51, 860)
(51, 860, 3)
(414, 422)
(414, 422, 3)
(798, 46)
(798, 46, 3)
(563, 430)
(563, 430, 3)
(699, 155)
(699, 155, 3)
(659, 878)
(659, 878, 3)
(345, 957)
(345, 957, 2)
(34, 714)
(34, 714, 3)
(804, 969)
(804, 969, 3)
(616, 941)
(616, 941, 3)
(715, 404)
(715, 404, 3)
(5, 454)
(5, 454, 3)
(345, 944)
(345, 944, 2)
(491, 592)
(491, 592, 2)
(430, 368)
(430, 368, 3)
(555, 392)
(555, 392, 3)
(873, 287)
(873, 287, 3)
(552, 482)
(552, 482, 3)
(395, 98)
(395, 98, 3)
(54, 965)
(54, 965, 3)
(652, 2)
(652, 2, 3)
(422, 470)
(422, 470, 3)
(2, 387)
(2, 387, 3)
(625, 916)
(625, 916, 3)
(361, 481)
(361, 481, 3)
(340, 589)
(340, 589, 3)
(384, 774)
(384, 774, 3)
(201, 658)
(201, 658, 3)
(361, 186)
(361, 186, 3)
(114, 630)
(114, 630, 3)
(687, 938)
(687, 938, 2)
(604, 291)
(604, 291, 3)
(311, 38)
(311, 38, 3)
(88, 179)
(88, 179, 3)
(332, 998)
(332, 998, 3)
(275, 103)
(275, 103, 3)
(995, 26)
(995, 26, 3)
(575, 607)
(575, 607, 3)
(954, 975)
(954, 975, 3)
(276, 214)
(276, 214, 3)
(617, 60)
(617, 60, 2)
(407, 348)
(407, 348, 3)
(258, 652)
(258, 652, 3)
(813, 144)
(813, 144, 3)
(354, 912)
(354, 912, 3)
(312, 140)
(312, 140, 3)
(735, 907)
(735, 907, 2)
(908, 471)
(908, 471, 2)
(593, 714)
(593, 714, 2)
(160, 425)
(160, 425, 3)
(415, 583)
(415, 583, 2)
(901, 966)
(901, 966, 3)
(101, 588)
(101, 588, 3)
(187, 139)
(187, 139, 3)
(825, 22)
(825, 22, 3)
(954, 994)
(954, 994, 3)
(368, 356)
(368, 356, 3)
(724, 437)
(724, 437, 3)
(487, 709)
(487, 709, 3)
(518, 59)
(518, 59, 3)
(218, 612)
(218, 612, 3)
(518, 611)
(518, 611, 3)
(949, 240)
(949, 240, 3)
(787, 106)
(787, 106, 2)
(720, 217)
(720, 217, 3)
(559, 973)
(559, 973, 2)
(403, 51)
(403, 51, 3)
(743, 969)
(743, 969, 3)
(337, 271)
(337, 271, 3)
(495, 980)
(495, 980, 3)
(229, 103)
(229, 103, 3)
(749, 711)
(749, 711, 2)
(927, 888)
(927, 888, 3)
(726, 453)
(726, 453, 2)
(257, 922)
(257, 922, 3)
(676, 57)
(676, 57, 3)
(416, 5)
(416, 5, 3)
(635, 744)
(635, 744, 3)
(563, 79)
(563, 79, 3)
(125, 877)
(125, 877, 3)
(424, 855)
(424, 855, 2)
(306, 159)
(306, 159, 3)
(293, 450)
(293, 450, 3)
(729, 22)
(729, 22, 3)
(889, 174)
(889, 174, 2)
(979, 693)
(979, 693, 3)
(897, 260)
(897, 260, 2)
(790, 103)
(790, 103, 3)
(660, 871)
(660, 871, 2)
(857, 27)
(857, 27, 3)
(79, 439)
(79, 439, 3)
(548, 357)
(548, 357, 3)
(681, 798)
(681, 798, 3)
(55, 977)
(55, 977, 3)
(254, 860)
(254, 860, 3)
(402, 834)
(402, 834, 3)
(153, 97)
(153, 97, 3)
(517, 969)
(517, 969, 3)
(629, 987)
(629, 987, 3)
(858, 430)
(858, 430, 3)
(308, 803)
(308, 803, 2)
(230, 752)
(230, 752, 3)
(320, 309)
(320, 309, 2)
(406, 573)
(406, 573, 3)
(680, 318)
(680, 318, 3)
(462, 337)
(462, 337, 2)
(847, 106)
(847, 106, 3)
(159, 900)
(159, 900, 3)
(979, 951)
(979, 951, 3)
(950, 27)
(950, 27, 3)
(846, 515)
(846, 515, 3)
(408, 981)
(408, 981, 3)
(158, 9)
(158, 9, 3)
(183, 108)
(183, 108, 3)
(204, 815)
(204, 815, 3)
(178, 236)
(178, 236, 2)
(462, 919)
(462, 919, 2)
(827, 528)
(827, 528, 2)
(11, 653)
(11, 653, 3)
(953, 643)
(953, 643, 3)
(227, 898)
(227, 898, 3)
(696, 293)
(696, 293, 3)
(657, 29)
(657, 29, 3)
(141, 339)
(141, 339, 3)
(138, 663)
(138, 663, 2)
(841, 994)
(841, 994, 3)
(989, 346)
(989, 346, 2)
(737, 191)
(737, 191, 3)
(552, 404)
(552, 404, 3)
(42, 127)
(42, 127, 3)
(378, 998)
(378, 998, 3)
(143, 362)
(143, 362, 3)
(1, 757)
(1, 757, 3)
(193, 40)
(193, 40, 3)
(391, 710)
(391, 710, 3)
(458, 375)
(458, 375, 2)
(532, 577)
(532, 577, 3)
(428, 513)
(428, 513, 3)
(81, 501)
(81, 501, 3)
(542, 5)
(542, 5, 3)
(621, 473)
(621, 473, 3)
(415, 388)
(415, 388, 3)
(902, 211)
(902, 211, 3)
(302, 925)
(302, 925, 2)
(754, 861)
(754, 861, 3)
(841, 450)
(841, 450, 3)
(147, 536)
(147, 536, 3)
(288, 811)
(288, 811, 3)
(324, 227)
(324, 227, 3)
(849, 111)
(849, 111, 3)
(220, 327)
(220, 327, 3)
(348, 211)
(348, 211, 3)
(115, 30)
(115, 30, 3)
(236, 125)
(236, 125, 2)
(690, 944)
(690, 944, 2)
(703, 436)
(703, 436, 3)
(837, 755)
(837, 755, 3)
(728, 165)
(728, 165, 2)
(966, 16)
(966, 16, 3)
(235, 183)
(235, 183, 3)
(139, 352)
(139, 352, 3)
(613, 412)
(613, 412, 2)
(832, 144)
(832, 144, 3)
(412, 456)
(412, 456, 2)
(168, 599)
(168, 599, 2)
(3, 383)
(3, 383, 2)
(549, 322)
(549, 322, 3)
(119, 885)
(119, 885, 3)
(904, 815)
(904, 815, 3)
(191, 247)
(191, 247, 2)
(938, 511)
(938, 511, 3)
(490, 820)
(490, 820, 3)
(106, 284)
(106, 284, 3)
(467, 509)
(467, 509, 3)
(709, 565)
(709, 565, 3)
(34, 571)
(34, 571, 3)
(724, 83)
(724, 83, 2)
(764, 861)
(764, 861, 3)
(774, 239)
(774, 239, 3)
(38, 200)
(38, 200, 3)
(291, 88)
(291, 88, 3)
(346, 564)
(346, 564, 3)
(337, 657)
(337, 657, 3)
(843, 712)
(843, 712, 3)
(264, 907)
(264, 907, 3)
(474, 382)
(474, 382, 3)
(722, 619)
(722, 619, 3)
(930, 660)
(930, 660, 3)
(43, 786)
(43, 786, 3)
(405, 29)
(405, 29, 3)
(739, 390)
(739, 390, 3)
(40, 815)
(40, 815, 3)
(874, 995)
(874, 995, 3)
(666, 892)
(666, 892, 2)
(340, 203)
(340, 203, 3)
(682, 437)
(682, 437, 3)
(845, 275)
(845, 275, 3)
(503, 511)
(503, 511, 3)
(874, 140)
(874, 140, 3)
(797, 586)
(797, 586, 3)
(997, 937)
(997, 937, 2)
(103, 675)
(103, 675, 2)
(702, 639)
(702, 639, 2)
(18, 391)
(18, 391, 3)
(594, 883)
(594, 883, 3)
(839, 53)
(839, 53, 3)
(863, 927)
(863, 927, 3)
(639, 956)
(639, 956, 3)
(0, 239)
(0, 239, 3)
(161, 566)
(161, 566, 3)
(800, 735)
(800, 735, 3)
(428, 720)
(428, 720, 3)
(712, 259)
(712, 259, 2)
(713, 206)
(713, 206, 3)
(641, 417)
(641, 417, 3)
(515, 604)
(515, 604, 3)
(355, 839)
(355, 839, 3)
(849, 501)
(849, 501, 3)
(296, 756)
(296, 756, 3)
(263, 41)
(263, 41, 3)
(650, 688)
(650, 688, 3)
(58, 650)
(58, 650, 3)
(189, 96)
(189, 96, 3)
(30, 273)
(30, 273, 3)
(459, 789)
(459, 789, 3)
(24, 125)
(24, 125, 3)
(28, 880)
(28, 880, 3)
(871, 718)
(871, 718, 3)
(762, 286)
(762, 286, 3)
(228, 533)
(228, 533, 2)
(15, 382)
(15, 382, 3)
(817, 68)
(817, 68, 3)
(412, 17)
(412, 17, 3)
(762, 847)
(762, 847, 3)
(464, 594)
(464, 594, 3)
(241, 659)
(241, 659, 3)
(129, 881)
(129, 881, 3)
(331, 829)
(331, 829, 3)
(636, 986)
(636, 986, 3)
(224, 699)
(224, 699, 3)
(633, 340)
(633, 340, 3)
(846, 548)
(846, 548, 3)
(872, 370)
(872, 370, 3)
(957, 526)
(957, 526, 2)
(707, 800)
(707, 800, 3)
(580, 84)
(580, 84, 3)
(149, 805)
(149, 805, 2)
(963, 51)
(963, 51, 3)
(118, 501)
(118, 501, 2)
(466, 359)
(466, 359, 3)
(698, 5)
(698, 5, 3)
(585, 1)
(585, 1, 2)
(27, 287)
(27, 287, 3)
(403, 545)
(403, 545, 3)
(589, 503)
(589, 503, 3)
(492, 163)
(492, 163, 3)
(473, 985)
(473, 985, 2)
(20, 44)
(20, 44, 3)
(45, 181)
(45, 181, 3)
(528, 253)
(528, 253, 3)
(735, 229)
(735, 229, 3)
(678, 154)
(678, 154, 3)
(744, 950)
(744, 950, 3)
(236, 501)
(236, 501, 3)
(326, 444)
(326, 444, 3)
(334, 189)
(334, 189, 2)
(759, 364)
(759, 364, 2)
(907, 694)
(907, 694, 3)
(501, 865)
(501, 865, 2)
(143, 130)
(143, 130, 3)
(10, 921)
(10, 921, 3)
(806, 340)
(806, 340, 2)
(884, 649)
(884, 649, 2)
(318, 385)
(318, 385, 3)
(194, 344)
(194, 344, 2)
(861, 827)
(861, 827, 2)
(682, 520)
(682, 520, 2)
(528, 668)
(528, 668, 3)
(84, 400)
(84, 400, 3)
(70, 959)
(70, 959, 2)
(185, 400)
(185, 400, 3)
(172, 926)
(172, 926, 3)
(962, 529)
(962, 529, 2)
(30, 454)
(30, 454, 3)
(497, 110)
(497, 110, 3)
(976, 192)
(976, 192, 3)
(698, 559)
(698, 559, 3)
(433, 145)
(433, 145, 3)
(534, 825)
(534, 825, 3)
(107, 108)
(107, 108, 3)
(908, 666)
(908, 666, 3)
(111, 957)
(111, 957, 3)
(911, 174)
(911, 174, 3)
(106, 765)
(106, 765, 2)
(609, 74)
(609, 74, 3)
(633, 72)
(633, 72, 3)
(364, 493)
(364, 493, 3)
(632, 359)
(632, 359, 2)
(113, 536)
(113, 536, 2)
(142, 863)
(142, 863, 2)
(260, 739)
(260, 739, 3)
(931, 786)
(931, 786, 3)
(812, 740)
(812, 740, 3)
(717, 743)
(717, 743, 3)
(535, 444)
(535, 444, 3)
(683, 465)
(683, 465, 3)
(441, 540)
(441, 540, 3)
(918, 897)
(918, 897, 3)
(979, 607)
(979, 607, 3)
(628, 309)
(628, 309, 2)
(675, 168)
(675, 168, 3)
(742, 863)
(742, 863, 3)
(623, 566)
(623, 566, 3)
(368, 158)
(368, 158, 3)
(115, 430)
(115, 430, 3)
(430, 621)
(430, 621, 3)
(965, 487)
(965, 487, 3)
(821, 678)
(821, 678, 3)
(49, 532)
(49, 532, 3)
(58, 267)
(58, 267, 3)
(446, 587)
(446, 587, 3)
(379, 596)
(379, 596, 2)
(426, 609)
(426, 609, 2)
(478, 340)
(478, 340, 3)
(257, 929)
(257, 929, 3)
(673, 620)
(673, 620, 3)
(586, 932)
(586, 932, 3)
(489, 949)
(489, 949, 2)
(83, 752)
(83, 752, 2)
(309, 265)
(309, 265, 3)
(915, 298)
(915, 298, 3)
(832, 844)
(832, 844, 3)
(924, 486)
(924, 486, 3)
(323, 534)
(323, 534, 3)
(795, 946)
(795, 946, 3)
(571, 448)
(571, 448, 3)
(294, 176)
(294, 176, 2)
(402, 455)
(402, 455, 3)
(432, 740)
(432, 740, 3)
(661, 328)
(661, 328, 3)
(35, 144)
(35, 144, 3)
(19, 549)
(19, 549, 3)
(573, 325)
(573, 325, 2)
(397, 478)
(397, 478, 3)
(389, 43)
(389, 43, 3)
(777, 684)
(777, 684, 3)
(796, 288)
(796, 288, 3)
(373, 157)
(373, 157, 3)
(300, 612)
(300, 612, 3)
(481, 415)
(481, 415, 3)
(569, 66)
(569, 66, 3)
(719, 697)
(719, 697, 3)
(187, 377)
(187, 377, 3)
(807, 524)
(807, 524, 2)
(781, 489)
(781, 489, 3)
(358, 8)
(358, 8, 3)
(373, 306)
(373, 306, 2)
(516, 983)
(516, 983, 3)
(303, 194)
(303, 194, 3)
(396, 588)
(396, 588, 2)
(765, 181)
(765, 181, 3)
(897, 537)
(897, 537, 2)
(299, 908)
(299, 908, 2)
(916, 189)
(916, 189, 3)
(686, 465)
(686, 465, 3)
(881, 206)
(881, 206, 3)
(462, 303)
(462, 303, 3)
(414, 819)
(414, 819, 3)
(446, 22)
(446, 22, 3)
(135, 716)
(135, 716, 2)
(883, 961)
(883, 961, 3)
(446, 586)
(446, 586, 3)
(366, 793)
(366, 793, 2)
(63, 532)
(63, 532, 3)
(965, 822)
(965, 822, 3)
(444, 923)
(444, 923, 3)
(721, 332)
(721, 332, 3)
(949, 360)
(949, 360, 3)
(698, 963)
(698, 963, 3)
(635, 63)
(635, 63, 2)
(254, 109)
(254, 109, 3)
(283, 279)
(283, 279, 3)
(184, 696)
(184, 696, 2)
(180, 78)
(180, 78, 3)
(203, 161)
(203, 161, 2)
(838, 76)
(838, 76, 3)
(486, 982)
(486, 982, 3)
(154, 185)
(154, 185, 3)
(897, 741)
(897, 741, 3)
(423, 918)
(423, 918, 3)
(971, 945)
(971, 945, 3)
(643, 723)
(643, 723, 3)
(974, 323)
(974, 323, 2)
(995, 941)
(995, 941, 3)
(991, 594)
(991, 594, 3)
(518, 986)
(518, 986, 3)
(618, 417)
(618, 417, 3)
(349, 298)
(349, 298, 3)
(858, 90)
(858, 90, 3)
(416, 274)
(416, 274, 3)
(799, 813)
(799, 813, 3)
(802, 393)
(802, 393, 3)
(532, 796)
(532, 796, 2)
(957, 2)
(957, 2, 3)
(935, 384)
(935, 384, 3)
(203, 616)
(203, 616, 3)
(96, 546)
(96, 546, 3)
(490, 914)
(490, 914, 3)
(247, 9)
(247, 9, 3)
(381, 541)
(381, 541, 3)
(696, 758)
(696, 758, 3)
(334, 492)
(334, 492, 2)
(565, 424)
(565, 424, 3)
(1, 153)
(1, 153, 2)
(214, 333)
(214, 333, 3)
(490, 613)
(490, 613, 3)
(346, 406)
(346, 406, 2)
(290, 537)
(290, 537, 3)
(321, 546)
(321, 546, 3)
(725, 305)
(725, 305, 3)
(930, 98)
(930, 98, 3)
(364, 979)
(364, 979, 3)
(25, 264)
(25, 264, 3)
(895, 121)
(895, 121, 2)
(552, 945)
(552, 945, 3)
(883, 104)
(883, 104, 2)
(700, 963)
(700, 963, 3)
(422, 91)
(422, 91, 3)
(908, 458)
(908, 458, 3)
(414, 659)
(414, 659, 3)
(947, 423)
(947, 423, 3)
(817, 125)
(817, 125, 3)
(711, 818)
(711, 818, 3)
(633, 956)
(633, 956, 3)
(958, 53)
(958, 53, 3)
(952, 226)
(952, 226, 3)
(804, 745)
(804, 745, 3)
(88, 113)
(88, 113, 2)
(608, 111)
(608, 111, 3)
(937, 399)
(937, 399, 3)
(873, 572)
(873, 572, 3)
(203, 930)
(203, 930, 3)
(111, 972)
(111, 972, 3)
(757, 745)
(757, 745, 2)
(214, 687)
(214, 687, 3)
(453, 223)
(453, 223, 3)
(141, 598)
(141, 598, 3)
(560, 419)
(560, 419, 3)
(412, 494)
(412, 494, 2)
(858, 773)
(858, 773, 3)
(325, 360)
(325, 360, 3)
(857, 270)
(857, 270, 3)
(57, 371)
(57, 371, 3)
(317, 645)
(317, 645, 3)
(534, 206)
(534, 206, 3)
(54, 252)
(54, 252, 3)
(996, 524)
(996, 524, 3)
(98, 830)
(98, 830, 3)
(191, 822)
(191, 822, 3)
(582, 79)
(582, 79, 2)
(241, 710)
(241, 710, 3)
(349, 977)
(349, 977, 3)
(565, 403)
(565, 403, 3)
(641, 952)
(641, 952, 2)
(732, 268)
(732, 268, 3)
(980, 26)
(980, 26, 3)
(33, 982)
(33, 982, 3)
(132, 464)
(132, 464, 3)
(297, 850)
(297, 850, 3)
(280, 913)
(280, 913, 3)
(958, 469)
(958, 469, 3)
(899, 941)
(899, 941, 3)
(311, 767)
(311, 767, 3)
(892, 803)
(892, 803, 3)
(464, 5)
(464, 5, 3)
(670, 357)
(670, 357, 3)
(528, 495)
(528, 495, 3)
(363, 392)
(363, 392, 3)
(67, 562)
(67, 562, 2)
(688, 365)
(688, 365, 3)
(37, 888)
(37, 888, 3)
(324, 751)
(324, 751, 3)
(509, 814)
(509, 814, 3)
(650, 729)
(650, 729, 3)
(198, 895)
(198, 895, 3)
(795, 28)
(795, 28, 3)
(294, 308)
(294, 308, 2)
(592, 782)
(592, 782, 2)
(359, 392)
(359, 392, 3)
(423, 39)
(423, 39, 2)
(558, 999)
(558, 999, 3)
(617, 342)
(617, 342, 3)
(899, 810)
(899, 810, 3)
(948, 712)
(948, 712, 3)
(733, 963)
(733, 963, 3)
(332, 422)
(332, 422, 3)
(519, 759)
(519, 759, 3)
(888, 525)
(888, 525, 2)
(544, 680)
(544, 680, 3)
(712, 766)
(712, 766, 3)
(409, 807)
(409, 807, 3)
(15, 855)
(15, 855, 3)
(295, 850)
(295, 850, 3)
(284, 387)
(284, 387, 3)
(44, 833)
(44, 833, 3)
(236, 289)
(236, 289, 2)
(524, 613)
(524, 613, 3)
(126, 193)
(126, 193, 3)
(880, 782)
(880, 782, 3)
(939, 793)
(939, 793, 3)
(577, 686)
(577, 686, 3)
(956, 203)
(956, 203, 3)
(567, 659)
(567, 659, 3)
(854, 480)
(854, 480, 3)
(741, 260)
(741, 260, 3)
(653, 744)
(653, 744, 3)
(270, 637)
(270, 637, 3)
(239, 29)
(239, 29, 3)
(495, 473)
(495, 473, 3)
(835, 54)
(835, 54, 3)
(836, 441)
(836, 441, 3)
(829, 408)
(829, 408, 3)
(760, 569)
(760, 569, 3)
(59, 145)
(59, 145, 2)
(422, 271)
(422, 271, 3)
(289, 25)
(289, 25, 3)
(486, 921)
(486, 921, 3)
(471, 161)
(471, 161, 2)
(996, 766)
(996, 766, 3)
(189, 282)
(189, 282, 3)
(330, 700)
(330, 700, 3)
(444, 768)
(444, 768, 2)
(809, 992)
(809, 992, 3)
(704, 570)
(704, 570, 2)
(908, 103)
(908, 103, 3)
(25, 688)
(25, 688, 3)
(809, 412)
(809, 412, 3)
(987, 728)
(987, 728, 3)
(885, 99)
(885, 99, 2)
(231, 382)
(231, 382, 3)
(712, 612)
(712, 612, 3)
(102, 193)
(102, 193, 3)
(540, 772)
(540, 772, 2)
(535, 131)
(535, 131, 2)
(386, 157)
(386, 157, 3)
(546, 741)
(546, 741, 3)
(96, 877)
(96, 877, 3)
(754, 322)
(754, 322, 3)
(188, 755)
(188, 755, 2)
(648, 836)
(648, 836, 3)
(480, 43)
(480, 43, 3)
(97, 80)
(97, 80, 3)
(64, 123)
(64, 123, 3)
(163, 933)
(163, 933, 3)
(934, 827)
(934, 827, 3)
(158, 818)
(158, 818, 3)
(778, 191)
(778, 191, 3)
(39, 736)
(39, 736, 3)
(404, 291)
(404, 291, 3)
(8, 366)
(8, 366, 3)
(43, 722)
(43, 722, 2)
(774, 940)
(774, 940, 3)
(172, 889)
(172, 889, 3)
(242, 770)
(242, 770, 3)
(823, 655)
(823, 655, 2)
(649, 660)
(649, 660, 3)
(236, 566)
(236, 566, 3)
(722, 505)
(722, 505, 3)
(98, 760)
(98, 760, 2)
(231, 124)
(231, 124, 3)
(107, 365)
(107, 365, 3)
(492, 274)
(492, 274, 3)
(103, 862)
(103, 862, 3)
(652, 627)
(652, 627, 2)
(732, 503)
(732, 503, 3)
(168, 800)
(168, 800, 3)
(598, 583)
(598, 583, 2)
(241, 849)
(241, 849, 3)
(621, 530)
(621, 530, 3)
(496, 909)
(496, 909, 2)
(804, 812)
(804, 812, 3)
(888, 557)
(888, 557, 3)
(393, 482)
(393, 482, 3)
(568, 788)
(568, 788, 2)
(714, 892)
(714, 892, 3)
(318, 920)
(318, 920, 3)
(321, 38)
(321, 38, 3)
(583, 316)
(583, 316, 3)
(111, 264)
(111, 264, 3)
(474, 66)
(474, 66, 3)
(71, 172)
(71, 172, 3)
(244, 113)
(244, 113, 2)
(641, 389)
(641, 389, 2)
(510, 610)
(510, 610, 2)
(75, 968)
(75, 968, 3)
(588, 190)
(588, 190, 3)
(321, 924)
(321, 924, 3)
(169, 200)
(169, 200, 3)
(566, 630)
(566, 630, 3)
(290, 744)
(290, 744, 3)
(414, 628)
(414, 628, 2)
(314, 104)
(314, 104, 3)
(193, 933)
(193, 933, 2)
(245, 933)
(245, 933, 2)
(664, 485)
(664, 485, 3)
(262, 8)
(262, 8, 3)
(470, 962)
(470, 962, 3)
(155, 679)
(155, 679, 3)
(721, 374)
(721, 374, 3)
(631, 520)
(631, 520, 3)
(659, 939)
(659, 939, 3)
(709, 823)
(709, 823, 3)
(706, 707)
(706, 707, 3)
(546, 43)
(546, 43, 3)
(803, 984)
(803, 984, 3)
(465, 398)
(465, 398, 3)
(337, 896)
(337, 896, 3)
(303, 213)
(303, 213, 2)
(5, 729)
(5, 729, 3)
(574, 38)
(574, 38, 3)
(616, 444)
(616, 444, 2)
(389, 834)
(389, 834, 3)
(957, 691)
(957, 691, 3)
(568, 462)
(568, 462, 3)
(774, 316)
(774, 316, 2)
(447, 78)
(447, 78, 3)
(622, 268)
(622, 268, 3)
(190, 681)
(190, 681, 3)
(358, 624)
(358, 624, 3)
(515, 947)
(515, 947, 3)
(4, 578)
(4, 578, 3)
(767, 575)
(767, 575, 3)
(373, 406)
(373, 406, 3)
(638, 879)
(638, 879, 3)
(329, 387)
(329, 387, 3)
(652, 503)
(652, 503, 3)
(211, 25)
(211, 25, 2)
(670, 105)
(670, 105, 3)
(365, 1)
(365, 1, 3)
(653, 478)
(653, 478, 3)
(104, 146)
(104, 146, 2)
(127, 880)
(127, 880, 3)
(301, 572)
(301, 572, 2)
(667, 291)
(667, 291, 3)
(87, 624)
(87, 624, 2)
(336, 487)
(336, 487, 3)
(910, 779)
(910, 779, 3)
(54, 613)
(54, 613, 3)
(429, 825)
(429, 825, 3)
(589, 10)
(589, 10, 3)
(360, 114)
(360, 114, 3)
(398, 186)
(398, 186, 3)
(929, 640)
(929, 640, 2)
(960, 877)
(960, 877, 2)
(352, 354)
(352, 354, 2)
(355, 29)
(355, 29, 3)
(322, 81)
(322, 81, 3)
(654, 719)
(654, 719, 3)
(136, 360)
(136, 360, 2)
(450, 973)
(450, 973, 3)
(593, 796)
(593, 796, 3)
(974, 998)
(974, 998, 3)
(977, 843)
(977, 843, 3)
(556, 984)
(556, 984, 3)
(789, 788)
(789, 788, 3)
(335, 494)
(335, 494, 2)
(47, 343)
(47, 343, 3)
(820, 2)
(820, 2, 3)
(954, 966)
(954, 966, 3)
(848, 698)
(848, 698, 3)
(836, 108)
(836, 108, 3)
(926, 12)
(926, 12, 3)
(145, 737)
(145, 737, 3)
(774, 925)
(774, 925, 2)
(20, 878)
(20, 878, 3)
(249, 426)
(249, 426, 3)
(449, 720)
(449, 720, 3)
(751, 396)
(751, 396, 3)
(164, 160)
(164, 160, 3)
(808, 998)
(808, 998, 2)
(663, 665)
(663, 665, 3)
(253, 583)
(253, 583, 3)
(709, 49)
(709, 49, 3)
(652, 258)
(652, 258, 3)
(925, 65)
(925, 65, 3)
(178, 755)
(178, 755, 3)
(783, 337)
(783, 337, 3)
(641, 744)
(641, 744, 3)
(702, 13)
(702, 13, 3)
(979, 708)
(979, 708, 3)
(36, 33)
(36, 33, 2)
(390, 259)
(390, 259, 2)
(897, 717)
(897, 717, 3)
(89, 174)
(89, 174, 3)
(240, 23)
(240, 23, 2)
(48, 362)
(48, 362, 3)
(395, 579)
(395, 579, 3)
(686, 224)
(686, 224, 3)
(470, 997)
(470, 997, 3)
(213, 519)
(213, 519, 2)
(944, 648)
(944, 648, 3)
(943, 415)
(943, 415, 2)
(979, 769)
(979, 769, 3)
(655, 843)
(655, 843, 2)
(962, 110)
(962, 110, 2)
(370, 222)
(370, 222, 2)
(281, 452)
(281, 452, 3)
(629, 148)
(629, 148, 3)
(549, 940)
(549, 940, 3)
(677, 600)
(677, 600, 3)
(838, 905)
(838, 905, 3)
(502, 609)
(502, 609, 3)
(688, 248)
(688, 248, 2)
(807, 769)
(807, 769, 2)
(703, 832)
(703, 832, 3)
(881, 984)
(881, 984, 3)
(412, 695)
(412, 695, 3)
(849, 933)
(849, 933, 2)
(172, 962)
(172, 962, 3)
(372, 255)
(372, 255, 3)
(402, 57)
(402, 57, 3)
(537, 542)
(537, 542, 3)
(119, 588)
(119, 588, 3)
(297, 78)
(297, 78, 3)
(455, 443)
(455, 443, 3)
(73, 682)
(73, 682, 3)
(907, 602)
(907, 602, 3)
(263, 554)
(263, 554, 3)
(446, 908)
(446, 908, 3)
(422, 756)
(422, 756, 2)
(56, 405)
(56, 405, 2)
(290, 325)
(290, 325, 3)
(536, 887)
(536, 887, 3)
(737, 961)
(737, 961, 3)
(365, 488)
(365, 488, 2)
(506, 196)
(506, 196, 2)
(874, 783)
(874, 783, 2)
(442, 60)
(442, 60, 3)
(606, 45)
(606, 45, 2)
(829, 294)
(829, 294, 3)
(126, 39)
(126, 39, 3)
(377, 821)
(377, 821, 3)
(94, 990)
(94, 990, 2)
(383, 658)
(383, 658, 3)
(597, 149)
(597, 149, 3)
(2, 536)
(2, 536, 3)
(798, 887)
(798, 887, 3)
(474, 358)
(474, 358, 3)
(867, 743)
(867, 743, 3)
(962, 273)
(962, 273, 3)
(835, 556)
(835, 556, 3)
(187, 369)
(187, 369, 2)
(229, 729)
(229, 729, 2)
(249, 741)
(249, 741, 3)
(925, 457)
(925, 457, 3)
(777, 45)
(777, 45, 3)
(927, 512)
(927, 512, 3)
(983, 876)
(983, 876, 3)
(64, 560)
(64, 560, 3)
(313, 274)
(313, 274, 3)
(178, 899)
(178, 899, 3)
(721, 830)
(721, 830, 3)
(799, 121)
(799, 121, 3)
(471, 443)
(471, 443, 2)
(140, 832)
(140, 832, 2)
(743, 665)
(743, 665, 3)
(679, 612)
(679, 612, 3)
(742, 331)
(742, 331, 3)
(505, 306)
(505, 306, 3)
(202, 895)
(202, 895, 3)
(398, 270)
(398, 270, 2)
(363, 195)
(363, 195, 3)
(602, 625)
(602, 625, 3)
(927, 353)
(927, 353, 3)
(683, 645)
(683, 645, 2)
(869, 971)
(869, 971, 3)
(402, 709)
(402, 709, 3)
(132, 859)
(132, 859, 2)
(440, 844)
(440, 844, 3)
(955, 573)
(955, 573, 3)
(554, 60)
(554, 60, 3)
(912, 810)
(912, 810, 3)
(535, 765)
(535, 765, 3)
(905, 924)
(905, 924, 3)
(852, 41)
(852, 41, 3)
(158, 769)
(158, 769, 3)
(121, 671)
(121, 671, 3)
(848, 135)
(848, 135, 3)
(149, 205)
(149, 205, 2)
(934, 518)
(934, 518, 3)
(695, 838)
(695, 838, 3)
(335, 16)
(335, 16, 3)
(1, 683)
(1, 683, 2)
(378, 526)
(378, 526, 3)
(292, 605)
(292, 605, 3)
(661, 452)
(661, 452, 3)
(217, 918)
(217, 918, 3)
(848, 431)
(848, 431, 3)
