(2977, 3728)
(2977, 3728, 6)
(1240, 2422)
(1240, 2422, 5)
(178, 1553)
(178, 1553, 4)
(3035, 2763)
(3035, 2763, 3)
(437, 1174)
(437, 1174, 4)
(139, 3022)
(139, 3022, 5)
(805, 3127)
(805, 3127, 5)
(562, 632)
(562, 632, 4)
(1179, 156)
(1179, 156, 4)
(3751, 2572)
(3751, 2572, 6)
(113, 4017)
(113, 4017, 7)
(3207, 354)
(3207, 354, 5)
(434, 744)
(434, 744, 7)
(4037, 3098)
(4037, 3098, 7)
(53, 1427)
(53, 1427, 4)
(988, 1754)
(988, 1754, 3)
(2494, 440)
(2494, 440, 5)
(3504, 3238)
(3504, 3238, 6)
(1065, 1654)
(1065, 1654, 3)
(3054, 522)
(3054, 522, 5)
(1445, 161)
(1445, 161, 4)
(1641, 2671)
(1641, 2671, 4)
(3554, 823)
(3554, 823, 4)
(760, 2360)
(760, 2360, 8)
(2627, 126)
(2627, 126, 5)
(2103, 1118)
(2103, 1118, 5)
(1485, 584)
(1485, 584, 4)
(1992, 1668)
(1992, 1668, 5)
(1995, 3053)
(1995, 3053, 5)
(3766, 3786)
(3766, 3786, 3)
(1700, 1050)
(1700, 1050, 3)
(52, 1874)
(52, 1874, 4)
(1424, 3860)
(1424, 3860, 5)
(438, 2093)
(438, 2093, 4)
(1422, 3391)
(1422, 3391, 4)
(2556, 1012)
(2556, 1012, 5)
(3847, 334)
(3847, 334, 6)
(855, 3003)
(855, 3003, 6)
(204, 573)
(204, 573, 5)
(3738, 4009)
(3738, 4009, 7)
(788, 439)
(788, 439, 6)
(2017, 2871)
(2017, 2871, 5)
(76, 1736)
(76, 1736, 4)
(586, 3310)
(586, 3310, 5)
(215, 1268)
(215, 1268, 4)
(1693, 3280)
(1693, 3280, 4)
(2559, 3914)
(2559, 3914, 6)
(1653, 1941)
(1653, 1941, 4)
(2279, 904)
(2279, 904, 4)
(655, 2733)
(655, 2733, 5)
(1941, 3855)
(1941, 3855, 6)
(3514, 2367)
(3514, 2367, 6)
(1621, 1534)
(1621, 1534, 3)
(153, 3124)
(153, 3124, 5)
(2287, 2995)
(2287, 2995, 5)
(3916, 1674)
(3916, 1674, 5)
(106, 469)
(106, 469, 5)
(160, 3904)
(160, 3904, 6)
(2001, 3113)
(2001, 3113, 5)
(2646, 3848)
(2646, 3848, 6)
(2995, 2010)
(2995, 2010, 5)
(2857, 2807)
(2857, 2807, 3)
(1816, 1363)
(1816, 1363, 3)
(397, 822)
(397, 822, 7)
(525, 3363)
(525, 3363, 5)
(1814, 1534)
(1814, 1534, 3)
(1087, 1014)
(1087, 1014, 3)
(2899, 2728)
(2899, 2728, 3)
(837, 1624)
(837, 1624, 7)
(2540, 1056)
(2540, 1056, 5)
(2911, 3159)
(2911, 3159, 3)
(3299, 810)
(3299, 810, 5)
(3496, 169)
(3496, 169, 6)
(3435, 1702)
(3435, 1702, 4)
(1171, 3197)
(1171, 3197, 3)
(3526, 2166)
(3526, 2166, 6)
(3609, 3494)
(3609, 3494, 3)
(3814, 1824)
(3814, 1824, 5)
(1627, 1139)
(1627, 1139, 3)
(1872, 2622)
(1872, 2622, 5)
(3893, 1960)
(3893, 1960, 6)
(3051, 2665)
(3051, 2665, 3)
(2256, 2975)
(2256, 2975, 5)
(3803, 2480)
(3803, 2480, 6)
(3409, 3255)
(3409, 3255, 3)
(1201, 596)
(1201, 596, 3)
(1940, 3270)
(1940, 3270, 5)
(3630, 3198)
(3630, 3198, 6)
(2287, 2606)
(2287, 2606, 3)
(644, 1871)
(644, 1871, 4)
(1346, 1606)
(1346, 1606, 3)
(3632, 125)
(3632, 125, 6)
(389, 3755)
(389, 3755, 5)
(1893, 2670)
(1893, 2670, 4)
(2466, 1133)
(2466, 1133, 5)
(585, 253)
(585, 253, 5)
(1634, 120)
(1634, 120, 4)
(3410, 3207)
(3410, 3207, 2)
(2836, 2291)
(2836, 2291, 5)
(577, 31)
(577, 31, 5)
(756, 697)
(756, 697, 3)
(824, 1936)
(824, 1936, 8)
(3340, 2091)
(3340, 2091, 5)
(3637, 3579)
(3637, 3579, 3)
(2778, 3512)
(2778, 3512, 6)
(3792, 1592)
(3792, 1592, 5)
(2005, 3243)
(2005, 3243, 5)
(3173, 3878)
(3173, 3878, 6)
(1841, 1141)
(1841, 1141, 3)
(898, 356)
(898, 356, 4)
(1206, 1353)
(1206, 1353, 3)
(2638, 2500)
(2638, 2500, 2)
(1007, 2721)
(1007, 2721, 4)
(3078, 2019)
(3078, 2019, 5)
(1684, 1046)
(1684, 1046, 3)
(481, 2951)
(481, 2951, 5)
(2188, 3885)
(2188, 3885, 6)
(4016, 2442)
(4016, 2442, 6)
(3882, 3257)
(3882, 3257, 6)
(2735, 1628)
(2735, 1628, 4)
(1090, 2955)
(1090, 2955, 4)
(2180, 2838)
(2180, 2838, 4)
(925, 3529)
(925, 3529, 5)
(2472, 2430)
(2472, 2430, 3)
(1720, 1217)
(1720, 1217, 3)
(2045, 2852)
(2045, 2852, 5)
(3134, 324)
(3134, 324, 5)
(1912, 3867)
(1912, 3867, 5)
(2284, 1683)
(2284, 1683, 5)
(1792, 1401)
(1792, 1401, 3)
(3173, 2854)
(3173, 2854, 3)
(1180, 497)
(1180, 497, 4)
(1943, 962)
(1943, 962, 4)
(543, 1380)
(543, 1380, 4)
(1082, 2628)
(1082, 2628, 5)
(3808, 909)
(3808, 909, 5)
(708, 3797)
(708, 3797, 4)
(2785, 3829)
(2785, 3829, 6)
(3320, 1365)
(3320, 1365, 4)
(1227, 528)
(1227, 528, 4)
(3930, 3696)
(3930, 3696, 3)
(548, 3569)
(548, 3569, 5)
(3400, 3184)
(3400, 3184, 3)
(1620, 3726)
(1620, 3726, 5)
(3372, 2903)
(3372, 2903, 3)
(1972, 2214)
(1972, 2214, 3)
(3861, 1120)
(3861, 1120, 5)
(2268, 2674)
(2268, 2674, 5)
(1694, 2656)
(1694, 2656, 5)
(3012, 3997)
(3012, 3997, 7)
(2337, 3234)
(2337, 3234, 5)
(1375, 3825)
(1375, 3825, 5)
(1636, 413)
(1636, 413, 4)
(3286, 3616)
(3286, 3616, 6)
(3648, 1142)
(3648, 1142, 5)
(2089, 2719)
(2089, 2719, 5)
(2282, 1289)
(2282, 1289, 3)
(819, 3674)
(819, 3674, 4)
(2267, 3487)
(2267, 3487, 5)
(2383, 1896)
(2383, 1896, 5)
(2121, 3623)
(2121, 3623, 6)
(2307, 1724)
(2307, 1724, 5)
(1586, 694)
(1586, 694, 7)
(2696, 1452)
(2696, 1452, 4)
(3583, 2428)
(3583, 2428, 6)
(2073, 2976)
(2073, 2976, 5)
(2323, 1648)
(2323, 1648, 5)
(3686, 56)
(3686, 56, 6)
(1200, 2225)
(1200, 2225, 5)
(3096, 2922)
(3096, 2922, 3)
(2087, 3543)
(2087, 3543, 6)
(1262, 547)
(1262, 547, 4)
(4001, 314)
(4001, 314, 7)
(3495, 3397)
(3495, 3397, 5)
(3109, 130)
(3109, 130, 5)
(470, 3875)
(470, 3875, 5)
(3200, 68)
(3200, 68, 5)
(2569, 246)
(2569, 246, 4)
(1238, 2302)
(1238, 2302, 4)
(2168, 3401)
(2168, 3401, 5)
(2527, 2853)
(2527, 2853, 5)
(1352, 1961)
(1352, 1961, 4)
(3535, 3614)
(3535, 3614, 3)
(1571, 26)
(1571, 26, 4)
(2167, 313)
(2167, 313, 5)
(2934, 1273)
(2934, 1273, 4)
(2182, 2775)
(2182, 2775, 5)
(919, 278)
(919, 278, 4)
(3035, 1178)
(3035, 1178, 4)
(3283, 1901)
(3283, 1901, 4)
(2786, 1570)
(2786, 1570, 4)
(1034, 3202)
(1034, 3202, 4)
(1876, 2688)
(1876, 2688, 4)
(1966, 856)
(1966, 856, 7)
(3121, 3499)
(3121, 3499, 6)
(1324, 725)
(1324, 725, 7)
(266, 2406)
(266, 2406, 5)
(1, 457)
(1, 457, 5)
(267, 280)
(267, 280, 3)
(946, 3394)
(946, 3394, 4)
(853, 3234)
(853, 3234, 6)
(3429, 1079)
(3429, 1079, 4)
(3149, 3459)
(3149, 3459, 6)
(1644, 1947)
(1644, 1947, 4)
(3935, 2538)
(3935, 2538, 6)
(1519, 1052)
(1519, 1052, 3)
(2849, 962)
(2849, 962, 4)
(975, 2728)
(975, 2728, 4)
(2501, 3735)
(2501, 3735, 6)
(2594, 638)
(2594, 638, 5)
(1107, 2132)
(1107, 2132, 4)
(3411, 1260)
(3411, 1260, 4)
(81, 3771)
(81, 3771, 6)
(788, 825)
(788, 825, 3)
(2882, 2781)
(2882, 2781, 3)
(3043, 1347)
(3043, 1347, 4)
(656, 1391)
(656, 1391, 4)
(3297, 662)
(3297, 662, 5)
(2052, 3427)
(2052, 3427, 5)
(1522, 1852)
(1522, 1852, 3)
(1494, 85)
(1494, 85, 4)
(3270, 3382)
(3270, 3382, 3)
(177, 3590)
(177, 3590, 6)
(2552, 2650)
(2552, 2650, 3)
(1934, 2459)
(1934, 2459, 3)
(2369, 3374)
(2369, 3374, 5)
(3461, 3135)
(3461, 3135, 6)
(1572, 1282)
(1572, 1282, 3)
(1865, 1979)
(1865, 1979, 5)
(205, 2198)
(205, 2198, 5)
(949, 71)
(949, 71, 4)
(3409, 155)
(3409, 155, 5)
(3051, 2958)
(3051, 2958, 3)
(3068, 2340)
(3068, 2340, 5)
(2278, 3538)
(2278, 3538, 6)
(3252, 2424)
(3252, 2424, 5)
(1450, 1462)
(1450, 1462, 3)
(2580, 1481)
(2580, 1481, 5)
(2012, 335)
(2012, 335, 5)
(2522, 1452)
(2522, 1452, 5)
(2444, 3395)
(2444, 3395, 5)
(1647, 3200)
(1647, 3200, 4)
(1528, 587)
(1528, 587, 4)
(3069, 558)
(3069, 558, 5)
(1525, 3680)
(1525, 3680, 5)
(2254, 2614)
(2254, 2614, 3)
(2848, 4019)
(2848, 4019, 7)
(1996, 2875)
(1996, 2875, 5)
(2372, 3118)
(2372, 3118, 5)
(2526, 3160)
(2526, 3160, 5)
(967, 3306)
(967, 3306, 4)
(3365, 3243)
(3365, 3243, 3)
(2772, 1185)
(2772, 1185, 4)
(1304, 2153)
(1304, 2153, 4)
(221, 1099)
(221, 1099, 4)
(2664, 643)
(2664, 643, 5)
(3204, 748)
(3204, 748, 6)
(1048, 1093)
(1048, 1093, 3)
(1816, 3068)
(1816, 3068, 4)
(1365, 3316)
(1365, 3316, 4)
(3455, 3184)
(3455, 3184, 6)
(917, 3852)
(917, 3852, 5)
(3596, 2460)
(3596, 2460, 6)
(1415, 2506)
(1415, 2506, 5)
(1493, 3336)
(1493, 3336, 4)
(2016, 2004)
(2016, 2004, 2)
(1685, 955)
(1685, 955, 3)
(1336, 3424)
(1336, 3424, 4)
(3657, 2505)
(3657, 2505, 6)
(910, 3099)
(910, 3099, 4)
(2416, 2109)
(2416, 2109, 3)
(3286, 1624)
(3286, 1624, 4)
(297, 1625)
(297, 1625, 4)
(598, 913)
(598, 913, 4)
(931, 569)
(931, 569, 4)
(1520, 1380)
(1520, 1380, 3)
(3191, 849)
(3191, 849, 6)
(2551, 1191)
(2551, 1191, 5)
(777, 2681)
(777, 2681, 6)
(1971, 1754)
(1971, 1754, 5)
(2023, 3912)
(2023, 3912, 6)
(2151, 3548)
(2151, 3548, 6)
(1965, 2578)
(1965, 2578, 3)
(2918, 410)
(2918, 410, 5)
(1925, 3072)
(1925, 3072, 5)
(1631, 3866)
(1631, 3866, 5)
(2221, 2281)
(2221, 2281, 3)
(2037, 2166)
(2037, 2166, 3)
(861, 3365)
(861, 3365, 5)
(42, 1890)
(42, 1890, 4)
(3800, 1285)
(3800, 1285, 5)
(3484, 2907)
(3484, 2907, 6)
(92, 3884)
(92, 3884, 6)
(785, 157)
(785, 157, 8)
(3273, 2510)
(3273, 2510, 5)
(257, 3248)
(257, 3248, 5)
(3379, 3819)
(3379, 3819, 6)
(3584, 1174)
(3584, 1174, 5)
(607, 2899)
(607, 2899, 5)
(1130, 237)
(1130, 237, 4)
(2184, 3295)
(2184, 3295, 5)
(1545, 357)
(1545, 357, 3)
(2900, 2188)
(2900, 2188, 5)
(3214, 3844)
(3214, 3844, 6)
(3630, 305)
(3630, 305, 6)
(902, 3578)
(902, 3578, 5)
(2803, 698)
(2803, 698, 4)
(3906, 2034)
(3906, 2034, 6)
(3399, 345)
(3399, 345, 5)
(55, 2955)
(55, 2955, 5)
(1679, 2727)
(1679, 2727, 4)
(3842, 335)
(3842, 335, 6)
(1489, 2136)
(1489, 2136, 5)
(1360, 3483)
(1360, 3483, 4)
(2401, 243)
(2401, 243, 5)
(909, 460)
(909, 460, 4)
(212, 805)
(212, 805, 7)
(3574, 484)
(3574, 484, 4)
(3830, 1882)
(3830, 1882, 4)
(2009, 3733)
(2009, 3733, 6)
(1376, 870)
(1376, 870, 6)
(1396, 1002)
(1396, 1002, 3)
(1061, 974)
(1061, 974, 3)
(3625, 3011)
(3625, 3011, 6)
(289, 576)
(289, 576, 5)
(1944, 2270)
(1944, 2270, 2)
(828, 2975)
(828, 2975, 5)
(698, 2817)
(698, 2817, 4)
(816, 3787)
(816, 3787, 5)
(2836, 1754)
(2836, 1754, 4)
(3341, 2033)
(3341, 2033, 5)
(2215, 1917)
(2215, 1917, 3)
(3517, 1756)
(3517, 1756, 5)
(3407, 796)
(3407, 796, 6)
(1978, 2312)
(1978, 2312, 3)
(3034, 1398)
(3034, 1398, 4)
(2108, 1948)
(2108, 1948, 3)
(1988, 1908)
(1988, 1908, 5)
(18, 2113)
(18, 2113, 5)
(1446, 3311)
(1446, 3311, 4)
(1780, 763)
(1780, 763, 7)
(209, 2260)
(209, 2260, 5)
(272, 879)
(272, 879, 7)
(60, 819)
(60, 819, 7)
(2968, 110)
(2968, 110, 5)
(1498, 2552)
(1498, 2552, 5)
(3850, 1177)
(3850, 1177, 5)
(780, 1394)
(780, 1394, 7)
(186, 1857)
(186, 1857, 4)
(1162, 3530)
(1162, 3530, 5)
(3602, 2494)
(3602, 2494, 6)
(2711, 3818)
(2711, 3818, 6)
(2748, 476)
(2748, 476, 5)
(4026, 1035)
(4026, 1035, 6)
(3931, 1683)
(3931, 1683, 5)
(1143, 1177)
(1143, 1177, 3)
(3689, 1978)
(3689, 1978, 6)
(707, 4010)
(707, 4010, 9)
(3461, 3788)
(3461, 3788, 3)
(151, 3849)
(151, 3849, 6)
(1728, 3930)
(1728, 3930, 5)
(1192, 2619)
(1192, 2619, 5)
(248, 953)
(248, 953, 4)
(3268, 1867)
(3268, 1867, 4)
(2824, 281)
(2824, 281, 5)
(1809, 3654)
(1809, 3654, 5)
(70, 2258)
(70, 2258, 5)
(2893, 2688)
(2893, 2688, 3)
(2021, 1380)
(2021, 1380, 5)
(236, 3841)
(236, 3841, 6)
(3070, 1794)
(3070, 1794, 4)
(283, 2624)
(283, 2624, 5)
(2066, 2917)
(2066, 2917, 5)
(2016, 1469)
(2016, 1469, 5)
(3497, 2336)
(3497, 2336, 6)
(1912, 3354)
(1912, 3354, 4)
(3905, 661)
(3905, 661, 5)
(3504, 2905)
(3504, 2905, 6)
(2312, 3644)
(2312, 3644, 6)
(1998, 3113)
(1998, 3113, 5)
(656, 3501)
(656, 3501, 5)
(2817, 2122)
(2817, 2122, 5)
(1955, 3430)
(1955, 3430, 5)
(2783, 2000)
(2783, 2000, 5)
(3177, 3193)
(3177, 3193, 3)
(3609, 1541)
(3609, 1541, 4)
(2044, 1853)
(2044, 1853, 5)
(3813, 1835)
(3813, 1835, 5)
(550, 3112)
(550, 3112, 5)
(3550, 3154)
(3550, 3154, 5)
(1659, 3778)
(1659, 3778, 5)
(1631, 2743)
(1631, 2743, 4)
(791, 1288)
(791, 1288, 7)
(350, 2236)
(350, 2236, 4)
(3901, 1375)
(3901, 1375, 5)
(3798, 2548)
(3798, 2548, 6)
(3804, 1504)
(3804, 1504, 5)
(1067, 1851)
(1067, 1851, 3)
(1263, 3147)
(1263, 3147, 4)
(2343, 1559)
(2343, 1559, 4)
(767, 1907)
(767, 1907, 7)
(1033, 1097)
(1033, 1097, 3)
(3098, 1667)
(3098, 1667, 4)
(3358, 1985)
(3358, 1985, 5)
(1421, 3401)
(1421, 3401, 4)
(1405, 2620)
(1405, 2620, 5)
(287, 3879)
(287, 3879, 6)
(3661, 5)
(3661, 5, 6)
(985, 3677)
(985, 3677, 4)
(1757, 654)
(1757, 654, 4)
(2968, 3413)
(2968, 3413, 3)
(900, 1641)
(900, 1641, 3)
(3156, 2497)
(3156, 2497, 5)
(2005, 2474)
(2005, 2474, 3)
(321, 3440)
(321, 3440, 5)
(1800, 2157)
(1800, 2157, 5)
(3554, 1386)
(3554, 1386, 5)
(1211, 879)
(1211, 879, 6)
(120, 3460)
(120, 3460, 6)
(1522, 1066)
(1522, 1066, 3)
(3873, 1015)
(3873, 1015, 5)
(975, 3886)
(975, 3886, 4)
(3538, 1419)
(3538, 1419, 5)
(824, 3169)
(824, 3169, 6)
(2307, 3969)
(2307, 3969, 6)
(1789, 1587)
(1789, 1587, 3)
(3786, 3020)
(3786, 3020, 6)
(2673, 2335)
(2673, 2335, 5)
(3175, 617)
(3175, 617, 5)
(2785, 3217)
(2785, 3217, 3)
(2307, 2665)
(2307, 2665, 5)
(3706, 2805)
(3706, 2805, 6)
(3775, 255)
(3775, 255, 6)
(2017, 2931)
(2017, 2931, 5)
(1188, 279)
(1188, 279, 4)
(1734, 390)
(1734, 390, 4)
(708, 1335)
(708, 1335, 6)
(844, 3549)
(844, 3549, 5)
(1829, 3240)
(1829, 3240, 4)
(4001, 636)
(4001, 636, 5)
(2216, 3064)
(2216, 3064, 5)
(3428, 243)
(3428, 243, 5)
(635, 467)
(635, 467, 4)
(3911, 3853)
(3911, 3853, 3)
(3513, 3650)
(3513, 3650, 3)
(1366, 842)
(1366, 842, 7)
(3349, 1311)
(3349, 1311, 4)
(3999, 2977)
(3999, 2977, 7)
(519, 3723)
(519, 3723, 4)
(1772, 2987)
(1772, 2987, 4)
(361, 1026)
(361, 1026, 4)
(1875, 2059)
(1875, 2059, 5)
(1377, 1517)
(1377, 1517, 3)
(3230, 3469)
(3230, 3469, 6)
(3885, 2156)
(3885, 2156, 6)
(1633, 973)
(1633, 973, 3)
(747, 1330)
(747, 1330, 6)
(18, 2280)
(18, 2280, 5)
(1118, 1179)
(1118, 1179, 3)
(2757, 3645)
(2757, 3645, 6)
(3598, 1218)
(3598, 1218, 5)
(1891, 1517)
(1891, 1517, 3)
(486, 861)
(486, 861, 6)
(3824, 2303)
(3824, 2303, 6)
(82, 2196)
(82, 2196, 5)
(3232, 790)
(3232, 790, 6)
(612, 854)
(612, 854, 7)
(2587, 1968)
(2587, 1968, 3)
(3352, 1616)
(3352, 1616, 4)
(1746, 1869)
(1746, 1869, 3)
(1636, 3216)
(1636, 3216, 4)
(3994, 2809)
(3994, 2809, 7)
(3853, 192)
(3853, 192, 6)
(2090, 540)
(2090, 540, 5)
(2656, 1923)
(2656, 1923, 3)
(2989, 232)
(2989, 232, 5)
(3433, 3908)
(3433, 3908, 6)
(729, 1240)
(729, 1240, 6)
(3514, 1282)
(3514, 1282, 5)
(114, 1986)
(114, 1986, 5)
(2049, 3924)
(2049, 3924, 6)
(3617, 2379)
(3617, 2379, 6)
(1023, 3588)
(1023, 3588, 5)
(2158, 940)
(2158, 940, 5)
(1301, 1572)
(1301, 1572, 3)
(3810, 3026)
(3810, 3026, 6)
(66, 2310)
(66, 2310, 5)
(2321, 3454)
(2321, 3454, 5)
(1174, 2630)
(1174, 2630, 5)
(1161, 2225)
(1161, 2225, 5)
(1643, 3571)
(1643, 3571, 5)
(2161, 2363)
(2161, 2363, 3)
(2037, 874)
(2037, 874, 7)
(1960, 1081)
(1960, 1081, 5)
(2700, 1458)
(2700, 1458, 4)
(259, 3494)
(259, 3494, 6)
(6, 1135)
(6, 1135, 4)
(3539, 2380)
(3539, 2380, 6)
(15, 162)
(15, 162, 3)
(3326, 3505)
(3326, 3505, 6)
(3589, 605)
(3589, 605, 5)
(2275, 1359)
(2275, 1359, 5)
(3843, 1760)
(3843, 1760, 5)
(3259, 2144)
(3259, 2144, 5)
(2694, 3189)
(2694, 3189, 3)
(994, 2130)
(994, 2130, 5)
(2613, 493)
(2613, 493, 5)
(3261, 2617)
(3261, 2617, 5)
(3411, 2971)
(3411, 2971, 3)
(2211, 1218)
(2211, 1218, 5)
(771, 2531)
(771, 2531, 8)
(1576, 1658)
(1576, 1658, 3)
(2013, 2777)
(2013, 2777, 5)
(957, 14)
(957, 14, 4)
(1233, 344)
(1233, 344, 4)
(3312, 3416)
(3312, 3416, 3)
(543, 973)
(543, 973, 4)
(2350, 807)
(2350, 807, 8)
(1369, 3328)
(1369, 3328, 4)
(2995, 2499)
(2995, 2499, 5)
(2854, 3866)
(2854, 3866, 6)
(3222, 2721)
(3222, 2721, 3)
(3565, 1959)
(3565, 1959, 6)
(858, 2765)
(858, 2765, 5)
(2167, 181)
(2167, 181, 5)
(1991, 2024)
(1991, 2024, 2)
(3583, 2875)
(3583, 2875, 6)
(2731, 3326)
(2731, 3326, 3)
(3693, 1715)
(3693, 1715, 5)
(734, 1994)
(734, 1994, 8)
(3099, 3576)
(3099, 3576, 6)
(250, 3656)
(250, 3656, 6)
(1401, 686)
(1401, 686, 6)
(1470, 1180)
(1470, 1180, 2)
(3543, 1030)
(3543, 1030, 5)
(1257, 440)
(1257, 440, 4)
(1137, 1451)
(1137, 1451, 3)
(3424, 1880)
(3424, 1880, 4)
(1803, 1846)
(1803, 1846, 3)
(1946, 2105)
(1946, 2105, 3)
(2765, 3175)
(2765, 3175, 3)
(2124, 882)
(2124, 882, 7)
(1390, 414)
(1390, 414, 3)
(3405, 3736)
(3405, 3736, 6)
(2111, 3119)
(2111, 3119, 5)
(898, 114)
(898, 114, 4)
(1334, 3168)
(1334, 3168, 4)
(1905, 648)
(1905, 648, 4)
(919, 821)
(919, 821, 7)
(3952, 688)
(3952, 688, 5)
(2779, 3556)
(2779, 3556, 5)
(2119, 1831)
(2119, 1831, 5)
(3042, 2026)
(3042, 2026, 5)
(295, 1745)
(295, 1745, 4)
(2393, 3984)
(2393, 3984, 6)
(3013, 1805)
(3013, 1805, 4)
(784, 2645)
(784, 2645, 8)
(1951, 2190)
(1951, 2190, 3)
(2301, 2004)
(2301, 2004, 3)
(326, 3713)
(326, 3713, 6)
(251, 1309)
(251, 1309, 4)
(590, 3295)
(590, 3295, 5)
(2021, 2931)
(2021, 2931, 5)
(1536, 1894)
(1536, 1894, 3)
(3825, 225)
(3825, 225, 6)
(852, 157)
(852, 157, 8)
(1141, 2615)
(1141, 2615, 5)
(3490, 3872)
(3490, 3872, 3)
(2747, 1519)
(2747, 1519, 4)
(1043, 3257)
(1043, 3257, 4)
(1190, 3169)
(1190, 3169, 4)
(594, 3899)
(594, 3899, 5)
(3593, 2957)
(3593, 2957, 6)
(4013, 2220)
(4013, 2220, 6)
(947, 2815)
(947, 2815, 4)
(1145, 1819)
(1145, 1819, 3)
(69, 1869)
(69, 1869, 4)
(3295, 1992)
(3295, 1992, 5)
(320, 1843)
(320, 1843, 4)
(3835, 3500)
(3835, 3500, 3)
(3688, 2008)
(3688, 2008, 6)
(989, 2329)
(989, 2329, 5)
(1184, 1623)
(1184, 1623, 2)
(3821, 3526)
(3821, 3526, 3)
(1580, 2384)
(1580, 2384, 4)
(400, 487)
(400, 487, 2)
(3530, 4018)
(3530, 4018, 7)
(1538, 3557)
(1538, 3557, 5)
(2844, 3006)
(2844, 3006, 3)
(1453, 3779)
(1453, 3779, 5)
(2363, 1868)
(2363, 1868, 5)
(1941, 413)
(1941, 413, 5)
(1264, 159)
(1264, 159, 4)
(102, 2605)
(102, 2605, 5)
(3027, 3244)
(3027, 3244, 3)
(3797, 3290)
(3797, 3290, 5)
(1936, 3407)
(1936, 3407, 5)
(1493, 3059)
(1493, 3059, 4)
(1622, 2012)
(1622, 2012, 5)
(3566, 3480)
(3566, 3480, 3)
(314, 467)
(314, 467, 5)
(3285, 633)
(3285, 633, 5)
(2915, 3752)
(2915, 3752, 6)
(3391, 3454)
(3391, 3454, 6)
(2362, 3611)
(2362, 3611, 6)
(1797, 1159)
(1797, 1159, 3)
(1232, 1013)
(1232, 1013, 3)
(1598, 3805)
(1598, 3805, 5)
(2203, 2403)
(2203, 2403, 3)
(520, 3195)
(520, 3195, 5)
(3072, 2391)
(3072, 2391, 5)
(1223, 2256)
(1223, 2256, 5)
(1082, 387)
(1082, 387, 4)
(2174, 1321)
(2174, 1321, 4)
(1452, 2348)
(1452, 2348, 5)
(3804, 127)
(3804, 127, 6)
(1175, 702)
(1175, 702, 7)
(84, 1635)
(84, 1635, 4)
(2101, 2439)
(2101, 2439, 3)
(2440, 2748)
(2440, 2748, 5)
(3790, 697)
(3790, 697, 4)
(1765, 2651)
(1765, 2651, 5)
(3813, 1874)
(3813, 1874, 5)
(956, 2828)
(956, 2828, 4)
(2950, 1472)
(2950, 1472, 4)
(129, 1886)
(129, 1886, 4)
(968, 37)
(968, 37, 4)
(1116, 2646)
(1116, 2646, 5)
(2614, 1649)
(2614, 1649, 5)
(4005, 2927)
(4005, 2927, 7)
(1096, 3087)
(1096, 3087, 4)
(2707, 3039)
(2707, 3039, 3)
(2147, 2272)
(2147, 2272, 3)
(570, 1760)
(570, 1760, 4)
(415, 3477)
(415, 3477, 5)
(1731, 2842)
(1731, 2842, 4)
(2552, 3415)
(2552, 3415, 5)
(1056, 1112)
(1056, 1112, 3)
(365, 2203)
(365, 2203, 5)
(2388, 1829)
(2388, 1829, 5)
(1608, 674)
(1608, 674, 4)
(1163, 1256)
(1163, 1256, 2)
(2618, 1138)
(2618, 1138, 5)
(917, 1309)
(917, 1309, 2)
(3433, 892)
(3433, 892, 5)
(1041, 2178)
(1041, 2178, 5)
(3102, 816)
(3102, 816, 6)
(1928, 784)
(1928, 784, 8)
(3800, 3379)
(3800, 3379, 6)
(339, 2524)
(339, 2524, 4)
(1651, 1170)
(1651, 1170, 3)
(1676, 1254)
(1676, 1254, 3)
(538, 2347)
(538, 2347, 4)
(1432, 246)
(1432, 246, 4)
(2825, 3441)
(2825, 3441, 6)
(1669, 3346)
(1669, 3346, 4)
(825, 3477)
(825, 3477, 4)
(376, 1577)
(376, 1577, 3)
(3038, 1988)
(3038, 1988, 5)
(3751, 76)
(3751, 76, 6)
(3080, 2250)
(3080, 2250, 5)
(1059, 1423)
(1059, 1423, 3)
(829, 2918)
(829, 2918, 6)
(1367, 602)
(1367, 602, 4)
(2363, 1460)
(2363, 1460, 5)
(2228, 3797)
(2228, 3797, 6)
(1534, 655)
(1534, 655, 4)
(846, 2737)
(846, 2737, 6)
(3206, 2676)
(3206, 2676, 3)
(3768, 1563)
(3768, 1563, 5)
(3696, 1542)
(3696, 1542, 5)
(2100, 1659)
(2100, 1659, 5)
(2917, 3428)
(2917, 3428, 3)
(3109, 256)
(3109, 256, 5)
(685, 3120)
(685, 3120, 5)
(2330, 2236)
(2330, 2236, 3)
(599, 1050)
(599, 1050, 4)
(2175, 2430)
(2175, 2430, 3)
(3189, 279)
(3189, 279, 5)
(3906, 2208)
(3906, 2208, 6)
(36, 3916)
(36, 3916, 6)
(3495, 2616)
(3495, 2616, 5)
(495, 850)
(495, 850, 7)
(2428, 2210)
(2428, 2210, 3)
(2702, 3365)
(2702, 3365, 3)
(3832, 230)
(3832, 230, 6)
(3302, 448)
(3302, 448, 5)
(2686, 1670)
(2686, 1670, 4)
(2324, 2161)
(2324, 2161, 3)
(706, 2828)
(706, 2828, 6)
(59, 1990)
(59, 1990, 5)
(3982, 2513)
(3982, 2513, 6)
(541, 735)
(541, 735, 7)
(2570, 3527)
(2570, 3527, 6)
(3182, 1236)
(3182, 1236, 4)
(2545, 2911)
(2545, 2911, 5)
(599, 1717)
(599, 1717, 4)
(3106, 1768)
(3106, 1768, 4)
(177, 375)
(177, 375, 5)
(582, 1268)
(582, 1268, 4)
(540, 3159)
(540, 3159, 5)
(1841, 3422)
(1841, 3422, 4)
(2716, 2780)
(2716, 2780, 2)
(4017, 2491)
(4017, 2491, 6)
(1428, 113)
(1428, 113, 4)
(3847, 3767)
(3847, 3767, 3)
(3958, 1905)
(3958, 1905, 5)
(3493, 429)
(3493, 429, 5)
(999, 1663)
(999, 1663, 3)
(115, 2994)
(115, 2994, 5)
(2489, 3318)
(2489, 3318, 5)
(8, 3267)
(8, 3267, 5)
(1126, 2537)
(1126, 2537, 4)
(174, 1210)
(174, 1210, 4)
(2539, 3143)
(2539, 3143, 5)
(1521, 988)
(1521, 988, 3)
(1695, 992)
(1695, 992, 3)
(1807, 1510)
(1807, 1510, 3)
(3177, 2394)
(3177, 2394, 5)
(407, 1684)
(407, 1684, 4)
(3170, 1643)
(3170, 1643, 4)
(2470, 2396)
(2470, 2396, 3)
(3043, 1635)
(3043, 1635, 4)
(2604, 2893)
(2604, 2893, 5)
(2104, 1478)
(2104, 1478, 5)
(3985, 50)
(3985, 50, 7)
(2059, 1913)
(2059, 1913, 3)
(2619, 3538)
(2619, 3538, 6)
(1162, 3537)
(1162, 3537, 5)
(1096, 218)
(1096, 218, 4)
(1267, 1339)
(1267, 1339, 2)
(2117, 3024)
(2117, 3024, 5)
(1931, 1936)
(1931, 1936, 3)
(3435, 24)
(3435, 24, 5)
(1798, 959)
(1798, 959, 3)
(2706, 109)
(2706, 109, 5)
(1411, 2925)
(1411, 2925, 4)
(3151, 660)
(3151, 660, 5)
(3910, 996)
(3910, 996, 5)
(984, 1639)
(984, 1639, 3)
(3062, 1652)
(3062, 1652, 4)
(585, 2967)
(585, 2967, 5)
(1045, 2204)
(1045, 2204, 5)
(1051, 3403)
(1051, 3403, 4)
(2506, 1376)
(2506, 1376, 4)
(2142, 3631)
(2142, 3631, 6)
(3313, 3835)
(3313, 3835, 6)
(560, 3314)
(560, 3314, 5)
(1511, 189)
(1511, 189, 4)
(1640, 2728)
(1640, 2728, 4)
(3033, 2169)
(3033, 2169, 5)
(1162, 1695)
(1162, 1695, 3)
(3487, 938)
(3487, 938, 5)
(1845, 1773)
(1845, 1773, 3)
(2212, 3798)
(2212, 3798, 6)
(813, 4010)
(813, 4010, 9)
(1753, 1722)
(1753, 1722, 3)
(1883, 1082)
(1883, 1082, 3)
(3366, 1296)
(3366, 1296, 4)
(139, 1753)
(139, 1753, 4)
(244, 436)
(244, 436, 5)
(1958, 959)
(1958, 959, 5)
(3185, 2539)
(3185, 2539, 5)
(2783, 3987)
(2783, 3987, 7)
(449, 1701)
(449, 1701, 4)
(3998, 2248)
(3998, 2248, 6)
(2079, 3850)
(2079, 3850, 6)
(1368, 3144)
(1368, 3144, 4)
(1514, 1861)
(1514, 1861, 3)
(2548, 2674)
(2548, 2674, 5)
(2686, 3987)
(2686, 3987, 7)
(2397, 3337)
(2397, 3337, 5)
(3131, 1908)
(3131, 1908, 4)
(171, 1489)
(171, 1489, 3)
(3218, 2845)
(3218, 2845, 3)
(41, 3159)
(41, 3159, 5)
(3102, 1651)
(3102, 1651, 4)
(1251, 1354)
(1251, 1354, 3)
(1794, 2748)
(1794, 2748, 4)
(2936, 3393)
(2936, 3393, 3)
(3551, 1893)
(3551, 1893, 5)
(75, 1553)
(75, 1553, 4)
(1152, 3279)
(1152, 3279, 4)
(2323, 1057)
(2323, 1057, 5)
(1222, 659)
(1222, 659, 4)
(3005, 2777)
(3005, 2777, 3)
(143, 204)
(143, 204, 3)
(2310, 2013)
(2310, 2013, 3)
(3707, 3534)
(3707, 3534, 3)
(3289, 3876)
(3289, 3876, 6)
(2579, 2134)
(2579, 2134, 3)
(1530, 3906)
(1530, 3906, 5)
(2977, 2034)
(2977, 2034, 5)
(3695, 59)
(3695, 59, 6)
(575, 2311)
(575, 2311, 5)
(4, 970)
(4, 970, 4)
(1966, 3022)
(1966, 3022, 5)
(873, 3231)
(873, 3231, 5)
(3569, 3839)
(3569, 3839, 3)
(3366, 3148)
(3366, 3148, 3)
(2118, 1593)
(2118, 1593, 5)
(635, 3611)
(635, 3611, 5)
(1205, 1592)
(1205, 1592, 3)
(1106, 1863)
(1106, 1863, 3)
(3615, 3758)
(3615, 3758, 3)
(288, 3736)
(288, 3736, 6)
(377, 3283)
(377, 3283, 5)
(575, 2131)
(575, 2131, 5)
(1827, 1443)
(1827, 1443, 3)
(2044, 2208)
(2044, 2208, 3)
(536, 3122)
(536, 3122, 5)
(2888, 869)
(2888, 869, 5)
(2374, 1779)
(2374, 1779, 5)
(3291, 961)
(3291, 961, 4)
(2439, 2324)
(2439, 2324, 3)
(221, 3797)
(221, 3797, 5)
(3408, 1196)
(3408, 1196, 4)
(3498, 3049)
(3498, 3049, 6)
(2546, 997)
(2546, 997, 5)
(3594, 1384)
(3594, 1384, 5)
(441, 2454)
(441, 2454, 5)
(2084, 2846)
(2084, 2846, 5)
(3753, 3623)
(3753, 3623, 3)
(1299, 1080)
(1299, 1080, 3)
(2641, 2205)
(2641, 2205, 3)
(2519, 3245)
(2519, 3245, 4)
(1365, 193)
(1365, 193, 4)
(1182, 2703)
(1182, 2703, 4)
(874, 2600)
(874, 2600, 7)
(228, 3713)
(228, 3713, 6)
(2522, 420)
(2522, 420, 4)
(2040, 267)
(2040, 267, 5)
(1526, 3221)
(1526, 3221, 4)
(1229, 3717)
(1229, 3717, 5)
(624, 1628)
(624, 1628, 4)
(1499, 77)
(1499, 77, 4)
(2604, 3634)
(2604, 3634, 6)
(1707, 745)
(1707, 745, 6)
(2346, 1163)
(2346, 1163, 5)
(601, 2682)
(601, 2682, 4)
(2231, 2456)
(2231, 2456, 3)
(529, 1685)
(529, 1685, 4)
(3058, 3140)
(3058, 3140, 3)
(1424, 3462)
(1424, 3462, 5)
(1858, 413)
(1858, 413, 4)
(633, 1285)
(633, 1285, 4)
(2018, 2847)
(2018, 2847, 5)
(652, 1848)
(652, 1848, 4)
(1673, 3149)
(1673, 3149, 4)
(814, 988)
(814, 988, 7)
(1777, 1079)
(1777, 1079, 3)
(3309, 1615)
(3309, 1615, 4)
(2455, 312)
(2455, 312, 5)
(275, 728)
(275, 728, 8)
(2747, 270)
(2747, 270, 5)
(807, 3887)
(807, 3887, 5)
(3022, 3610)
(3022, 3610, 6)
(2423, 354)
(2423, 354, 5)
(1190, 117)
(1190, 117, 4)
(3266, 1845)
(3266, 1845, 4)
(915, 11)
(915, 11, 4)
(286, 2023)
(286, 2023, 5)
(2952, 1309)
(2952, 1309, 4)
(3388, 3058)
(3388, 3058, 3)
(3957, 1320)
(3957, 1320, 5)
(232, 2911)
(232, 2911, 5)
(3853, 2597)
(3853, 2597, 6)
(1980, 178)
(1980, 178, 5)
(3771, 343)
(3771, 343, 6)
(1887, 2378)
(1887, 2378, 5)
(1792, 1128)
(1792, 1128, 3)
(3836, 1682)
(3836, 1682, 5)
(3388, 1247)
(3388, 1247, 4)
(184, 1912)
(184, 1912, 4)
(1514, 734)
(1514, 734, 7)
(250, 2873)
(250, 2873, 5)
(2602, 3964)
(2602, 3964, 6)
(2322, 2807)
(2322, 2807, 5)
(3522, 2311)
(3522, 2311, 6)
(3842, 2499)
(3842, 2499, 6)
(3692, 3490)
(3692, 3490, 3)
(234, 3949)
(234, 3949, 6)
(3620, 3945)
(3620, 3945, 3)
(1906, 2581)
(1906, 2581, 5)
(2994, 3762)
(2994, 3762, 6)
(504, 3669)
(504, 3669, 5)
(921, 1059)
(921, 1059, 2)
(978, 84)
(978, 84, 4)
(3781, 2295)
(3781, 2295, 6)
(1960, 3216)
(1960, 3216, 5)
(2251, 2206)
(2251, 2206, 3)
(58, 2051)
(58, 2051, 3)
(1322, 440)
(1322, 440, 4)
(979, 3245)
(979, 3245, 4)
(3443, 3999)
(3443, 3999, 7)
(2062, 2394)
(2062, 2394, 2)
(1596, 2131)
(1596, 2131, 5)
(3441, 656)
(3441, 656, 5)
(323, 1789)
(323, 1789, 4)
(1131, 2612)
(1131, 2612, 5)
(403, 846)
(403, 846, 7)
(3244, 1726)
(3244, 1726, 3)
(656, 448)
(656, 448, 4)
(3414, 3821)
(3414, 3821, 6)
(1032, 1502)
(1032, 1502, 2)
(3580, 2348)
(3580, 2348, 6)
(1481, 3245)
(1481, 3245, 4)
(2901, 3596)
(2901, 3596, 6)
(3619, 564)
(3619, 564, 5)
(2639, 3002)
(2639, 3002, 5)
(2650, 3562)
(2650, 3562, 6)
(970, 2393)
(970, 2393, 5)
(377, 599)
(377, 599, 4)
(2955, 1241)
(2955, 1241, 4)
(2707, 2197)
(2707, 2197, 5)
(3306, 2739)
(3306, 2739, 3)
(3277, 3892)
(3277, 3892, 6)
(2261, 3092)
(2261, 3092, 5)
(2695, 1477)
(2695, 1477, 4)
(2706, 3920)
(2706, 3920, 6)
(2166, 3557)
(2166, 3557, 6)
(853, 2152)
(853, 2152, 8)
(3361, 960)
(3361, 960, 4)
(2760, 2089)
(2760, 2089, 5)
(1904, 3618)
(1904, 3618, 5)
(3093, 1378)
(3093, 1378, 4)
(3362, 647)
(3362, 647, 5)
(853, 348)
(853, 348, 6)
(1019, 1791)
(1019, 1791, 3)
(2530, 277)
(2530, 277, 5)
(3231, 3195)
(3231, 3195, 3)
(2773, 1356)
(2773, 1356, 4)
(3866, 2286)
(3866, 2286, 6)
(3609, 3799)
(3609, 3799, 3)
(3500, 2835)
(3500, 2835, 6)
(1318, 1063)
(1318, 1063, 3)
(760, 1694)
(760, 1694, 7)
(658, 2090)
(658, 2090, 5)
(1560, 3443)
(1560, 3443, 5)
(2491, 831)
(2491, 831, 8)
(3859, 1843)
(3859, 1843, 5)
(1557, 3494)
(1557, 3494, 5)
(1702, 744)
(1702, 744, 7)
(10, 3642)
(10, 3642, 6)
(1571, 730)
(1571, 730, 7)
(1859, 1528)
(1859, 1528, 3)
(2812, 360)
(2812, 360, 5)
(1340, 3998)
(1340, 3998, 6)
(360, 1237)
(360, 1237, 3)
(2069, 2144)
(2069, 2144, 3)
(2885, 2973)
(2885, 2973, 3)
(2941, 3474)
(2941, 3474, 6)
(3630, 2287)
(3630, 2287, 6)
(1058, 548)
(1058, 548, 4)
(3426, 3770)
(3426, 3770, 6)
(2344, 3380)
(2344, 3380, 5)
(3421, 3614)
(3421, 3614, 6)
(3692, 1424)
(3692, 1424, 4)
(396, 779)
(396, 779, 7)
(526, 1953)
(526, 1953, 4)
(3831, 1150)
(3831, 1150, 5)
(1042, 1797)
(1042, 1797, 3)
(3919, 1058)
(3919, 1058, 5)
(3119, 3712)
(3119, 3712, 6)
(1309, 3029)
(1309, 3029, 4)
(525, 2265)
(525, 2265, 4)
(2815, 188)
(2815, 188, 5)
(748, 1028)
(748, 1028, 7)
(1876, 1998)
(1876, 1998, 5)
(1734, 308)
(1734, 308, 4)
(2893, 2889)
(2893, 2889, 3)
(1850, 1254)
(1850, 1254, 3)
(3339, 1441)
(3339, 1441, 4)
(2217, 809)
(2217, 809, 8)
(3699, 1600)
(3699, 1600, 5)
(697, 591)
(697, 591, 5)
(931, 2466)
(931, 2466, 5)
(3683, 2311)
(3683, 2311, 6)
(2434, 2071)
(2434, 2071, 3)
(1237, 1660)
(1237, 1660, 3)
(3213, 2671)
(3213, 2671, 3)
(420, 416)
(420, 416, 3)
(3203, 2761)
(3203, 2761, 3)
(861, 1531)
(861, 1531, 6)
(2931, 3292)
(2931, 3292, 3)
(2455, 221)
(2455, 221, 5)
(74, 1036)
(74, 1036, 4)
(3220, 2528)
(3220, 2528, 5)
(958, 1836)
(958, 1836, 3)
(3881, 890)
(3881, 890, 4)
(1988, 620)
(1988, 620, 5)
(1132, 1370)
(1132, 1370, 2)
(1898, 3771)
(1898, 3771, 5)
(1964, 3441)
(1964, 3441, 6)
(312, 1173)
(312, 1173, 4)
(725, 18)
(725, 18, 8)
(1898, 334)
(1898, 334, 4)
(2470, 3361)
(2470, 3361, 5)
(3337, 3556)
(3337, 3556, 5)
(3884, 1434)
(3884, 1434, 5)
